0 0 0 0 0 0 0 0 0 0 0 
0 0 3.162 1.0 5.831 3.606 4.243 6.0 9.434 8.0 10.296 
0 3.162 0 3.0 2.828 5.385 6.325 5.831 7.28 7.616 8.246 
0 1.0 3.0 0 0 2.828 3.606 5.0 8.602 7.0 9.434 
0 5.831 2.828 0 0 7.0 8.0 5.831 5.0 7.071 0 
0 3.606 5.385 2.828 7.0 0 0 3.606 8.602 5.385 9.22 
0 4.243 6.325 3.606 8.0 0 0 4.243 9.434 5.831 10.0 
0 6.0 5.831 5.0 5.831 3.606 4.243 0 5.385 2.0 0 
0 9.434 7.28 8.602 5.0 8.602 9.434 5.385 0 5.0 1.0 
0 8.0 7.616 7.0 7.071 5.385 5.831 2.0 5.0 0 5.099 
0 10.296 8.246 9.434 0 9.22 10.0 0 1.0 5.099 0 
