0 0 0 0 0 0 0 0 0 0 0 
0 0 2.0 3.162 4.472 6.403 7.211 8.062 8.0 0 0 
0 2.0 0 5.099 0 5.385 8.485 9.22 8.246 8.062 0 
0 3.162 5.099 0 1.414 8.062 0 6.083 0 8.062 9.434 
0 4.472 0 1.414 0 8.544 4.0 5.0 7.211 7.81 9.22 
0 6.403 5.385 8.062 8.544 0 8.062 8.246 5.0 4.243 4.472 
0 7.211 8.485 0 4.0 8.062 0 1.0 4.472 5.385 6.708 
0 8.062 9.22 6.083 5.0 8.246 1.0 0 4.123 5.099 0 
0 8.0 8.246 0 7.211 5.0 4.472 4.123 0 1.0 2.236 
0 0 8.062 8.062 7.81 4.243 5.385 5.099 1.0 0 1.414 
0 0 0 9.434 9.22 4.472 6.708 0 2.236 1.414 0 
