[9, 1, 8.0]
[9, 2, 7.616]
[9, 3, 7.0]
[9, 4, 7.071]
[9, 5, 5.385]
[9, 6, 5.831]
[9, 7, 2.0]
[9, 8, 5.0]
[9, 10, 5.099]
[1, 2, 3.162]
[1, 3, 1.0]
[1, 4, 5.831]
[1, 5, 3.606]
[1, 6, 4.243]
[1, 7, 6.0]
[1, 8, 9.434]
[1, 10, 10.296]
[2, 3, 3.0]
[2, 4, 2.828]
[2, 5, 5.385]
[2, 6, 6.325]
[2, 7, 5.831]
[2, 8, 7.28]
[2, 10, 8.246]
[3, 5, 2.828]
[3, 6, 3.606]
[3, 7, 5.0]
[3, 8, 8.602]
[3, 10, 9.434]
[4, 5, 7.0]
[4, 6, 8.0]
[4, 7, 5.831]
[4, 8, 5.0]
[5, 7, 3.606]
[5, 8, 8.602]
[5, 10, 9.22]
[6, 7, 4.243]
[6, 8, 9.434]
[6, 10, 10.0]
[7, 8, 5.385]
[8, 10, 1.0]
