[4, 1, 4.472]
[4, 3, 1.414]
[4, 5, 8.544]
[4, 6, 4.0]
[4, 7, 5.0]
[4, 8, 7.211]
[4, 9, 7.81]
[4, 10, 9.22]
[1, 2, 2.0]
[1, 3, 3.162]
[1, 5, 6.403]
[1, 6, 7.211]
[1, 7, 8.062]
[1, 8, 8.0]
[3, 2, 5.099]
[3, 5, 8.062]
[3, 7, 6.083]
[3, 9, 8.062]
[3, 10, 9.434]
[5, 2, 5.385]
[5, 6, 8.062]
[5, 7, 8.246]
[5, 8, 5.0]
[5, 9, 4.243]
[5, 10, 4.472]
[6, 2, 8.485]
[6, 7, 1.0]
[6, 8, 4.472]
[6, 9, 5.385]
[6, 10, 6.708]
[7, 2, 9.22]
[7, 8, 4.123]
[7, 9, 5.099]
[8, 2, 8.246]
[8, 9, 1.0]
[8, 10, 2.236]
[9, 2, 8.062]
[9, 10, 1.414]
