[4, 1, 3.162]
[4, 2, 8.0]
[4, 3, 1.0]
[4, 5, 6.083]
[4, 6, 2.236]
[4, 7, 8.246]
[4, 8, 7.211]
[4, 9, 5.657]
[4, 10, 5.831]
[1, 2, 5.099]
[1, 3, 2.236]
[1, 5, 3.606]
[1, 6, 2.236]
[1, 7, 5.831]
[1, 8, 5.831]
[1, 10, 6.03]
[2, 5, 2.236]
[2, 7, 2.0]
[2, 8, 4.472]
[2, 9, 5.657]
[3, 5, 5.099]
[3, 6, 1.414]
[3, 7, 7.28]
[3, 10, 5.385]
[5, 6, 4.0]
[5, 7, 2.236]
[5, 8, 3.0]
[5, 9, 3.606]
[5, 10, 5.0]
[6, 7, 6.083]
[6, 8, 5.0]
[6, 9, 3.606]
[6, 10, 4.123]
[7, 8, 2.828]
[7, 10, 5.831]
[8, 9, 2.0]
[8, 10, 3.162]
[9, 10, 1.414]
