[9, 1, 8.944]
[9, 2, 8.544]
[9, 3, 8.944]
[9, 4, 8.062]
[9, 5, 7.071]
[9, 6, 5.0]
[9, 7, 5.657]
[9, 8, 3.606]
[9, 10, 2.236]
[1, 2, 1.0]
[1, 3, 8.0]
[1, 4, 1.0]
[1, 6, 8.062]
[1, 7, 8.944]
[1, 8, 7.81]
[1, 10, 9.22]
[2, 3, 7.0]
[2, 4, 1.414]
[2, 5, 4.123]
[2, 6, 7.211]
[2, 7, 8.062]
[2, 8, 7.071]
[2, 10, 9.055]
[3, 5, 3.162]
[3, 6, 4.123]
[3, 7, 4.0]
[3, 10, 10.817]
[4, 5, 5.0]
[4, 7, 8.544]
[4, 8, 7.211]
[4, 10, 8.246]
[5, 7, 4.243]
[5, 8, 4.123]
[5, 10, 8.544]
[6, 7, 1.0]
[6, 8, 1.414]
[7, 8, 2.236]
[7, 10, 7.81]
[8, 10, 5.657]
