[9, 2, 8.062]
[9, 3, 8.062]
[9, 4, 7.81]
[9, 5, 4.243]
[9, 6, 5.385]
[9, 7, 5.099]
[9, 8, 1.0]
[9, 10, 1.414]
[2, 1, 2.0]
[2, 3, 5.099]
[2, 5, 5.385]
[2, 6, 8.485]
[2, 7, 9.22]
[2, 8, 8.246]
[3, 1, 3.162]
[3, 4, 1.414]
[3, 5, 8.062]
[3, 7, 6.083]
[3, 10, 9.434]
[4, 1, 4.472]
[4, 5, 8.544]
[4, 6, 4.0]
[4, 7, 5.0]
[4, 8, 7.211]
[4, 10, 9.22]
[5, 1, 6.403]
[5, 6, 8.062]
[5, 7, 8.246]
[5, 8, 5.0]
[5, 10, 4.472]
[6, 1, 7.211]
[6, 7, 1.0]
[6, 8, 4.472]
[6, 10, 6.708]
[7, 1, 8.062]
[7, 8, 4.123]
[8, 1, 8.0]
[8, 10, 2.236]
