[9, 2, 5.657]
[9, 4, 5.657]
[9, 5, 3.606]
[9, 6, 3.606]
[9, 8, 2.0]
[9, 10, 1.414]
[2, 1, 5.099]
[2, 4, 8.0]
[2, 5, 2.236]
[2, 7, 2.0]
[2, 8, 4.472]
[4, 1, 3.162]
[4, 3, 1.0]
[4, 5, 6.083]
[4, 6, 2.236]
[4, 7, 8.246]
[4, 8, 7.211]
[4, 10, 5.831]
[5, 1, 3.606]
[5, 3, 5.099]
[5, 6, 4.0]
[5, 7, 2.236]
[5, 8, 3.0]
[5, 10, 5.0]
[6, 1, 2.236]
[6, 3, 1.414]
[6, 7, 6.083]
[6, 8, 5.0]
[6, 10, 4.123]
[8, 1, 5.831]
[8, 7, 2.828]
[8, 10, 3.162]
[10, 1, 6.03]
[10, 3, 5.385]
[10, 7, 5.831]
[1, 3, 2.236]
[1, 7, 5.831]
[7, 3, 7.28]
