[10, 1, 9.22]
[10, 2, 9.055]
[10, 3, 10.817]
[10, 4, 8.246]
[10, 5, 8.544]
[10, 7, 7.81]
[10, 8, 5.657]
[10, 9, 2.236]
[1, 2, 1.0]
[1, 3, 8.0]
[1, 4, 1.0]
[1, 6, 8.062]
[1, 7, 8.944]
[1, 8, 7.81]
[1, 9, 8.944]
[2, 3, 7.0]
[2, 4, 1.414]
[2, 5, 4.123]
[2, 6, 7.211]
[2, 7, 8.062]
[2, 8, 7.071]
[2, 9, 8.544]
[3, 5, 3.162]
[3, 6, 4.123]
[3, 7, 4.0]
[3, 9, 8.944]
[4, 5, 5.0]
[4, 7, 8.544]
[4, 8, 7.211]
[4, 9, 8.062]
[5, 7, 4.243]
[5, 8, 4.123]
[5, 9, 7.071]
[7, 6, 1.0]
[7, 8, 2.236]
[7, 9, 5.657]
[8, 6, 1.414]
[8, 9, 3.606]
[9, 6, 5.0]
